-3 1 -2
1 0 0
0 1 0
144 238 144
500
500
1

mesh 1 3
0.525731 0.000000 -0.850651
0.000000 -0.850651 -0.525731
-0.525731 0.000000 -0.850651
0 1 2
180 255 255

mesh 1 3
0.000000 0.850651 -0.525731
0.525731 0.000000 -0.850651
-0.525731 0.000000 -0.850651
0 1 2
255 255 0

mesh 1 3
-0.850651 0.525731 0.000000
0.000000 0.850651 -0.525731
-0.525731 0.000000 -0.850651
0 1 2
255 0 0

mesh 1 3
-0.850651 -0.525731 0.000000
-0.850651 0.525731 0.000000
-0.525731 0.000000 -0.850651
0 1 2
255 0 255

mesh 1 3
0.000000 -0.850651 -0.525731
-0.850651 -0.525731 0.000000
-0.525731 0.000000 -0.850651
0 1 2
200 200 0

mesh 1 3
0.000000 -0.850651 0.525731
0.525731 0.000000 0.850651
-0.525731 0.000000 0.850651
0 1 2
100 30 200

mesh 1 3
-0.850651 -0.525731 0.000000
0.000000 -0.850651 0.525731
-0.525731 0.000000 0.850651
0 1 2
20 20 160

mesh 1 3
-0.850651 0.525731 0.000000
-0.850651 -0.525731 0.000000
-0.525731 0.000000 0.850651
0 1 2
160 20 20

mesh 1 3
0.000000 0.850651 0.525731
-0.850651 0.525731 0.000000
-0.525731 0.000000 0.850651
0 1 2
50 50 80

mesh 1 3
0.525731 0.000000 0.850651
0.000000 0.850651 0.525731
-0.525731 0.000000 0.850651
0 1 2
200 160 160

mesh 1 3
0.000000 0.850651 0.525731
0.525731 0.000000 0.850651
0.850651 0.525731 0.000000
0 1 2
10 10 255

mesh 1 3
0.000000 0.850651 -0.525731
0.000000 0.850651 0.525731
0.850651 0.525731 0.000000
0 1 2
255 80 74

mesh 1 3
0.525731 0.000000 -0.850651
0.000000 0.850651 -0.525731
0.850651 0.525731 0.000000
0 1 2
96 87 34

mesh 1 3
0.850651 -0.525731 0.000000
0.525731 0.000000 -0.850651
0.850651 0.525731 0.000000
0 1 2
80 255 10

mesh 1 3
0.525731 0.000000 0.850651
0.850651 -0.525731 0.000000
0.850651 0.525731 0.000000
0 1 2
99 99 99

mesh 1 3
0.000000 0.850651 0.525731
0.000000 0.850651 -0.525731
-0.850651 0.525731 0.000000
0 1 2
200 200 88

mesh 1 3
0.000000 -0.850651 -0.525731
0.000000 -0.850651 0.525731
-0.850651 -0.525731 0.000000
0 1 2
0 0 99

mesh 1 3
0.850651 -0.525731 0.000000
0.525731 0.000000 0.850651
0.000000 -0.850651 0.525731
0 1 2
180 255 90

mesh 1 3
0.000000 -0.850651 -0.525731
0.850651 -0.525731 0.000000
0.000000 -0.850651 0.525731
0 1 2
99 99 99

mesh 1 3
0.525731 0.000000 -0.850651
0.850651 -0.525731 0.000000
0.000000 -0.850651 -0.525731
0 1 2
77 77 77

generate