-3 1 2
1 0 0
0 1 0
144 238 144
500
500
1

mesh 1 3 
0.525731 0.0 -0.850651 
0.0 -0.850651 -0.525731 
-0.525731 0.0 -0.850651 
0 1 2
255 0 255

mesh 1 3 
0.0 0.850651 -0.525731 
0.525731 0.0 -0.850651 
-0.525731 0.0 -0.850651 
0 1 2
255 0 255

mesh 1 3 
-0.850651 0.525731 0.0 
0.0 0.850651 -0.525731 
-0.525731 0.0 -0.850651 
0 1 2
255 0 255

mesh 1 3 
-0.850651 -0.525731 0.0 
-0.850651 0.525731 0.0 
-0.525731 0.0 -0.850651 
0 1 2
255 0 255

mesh 1 3 
0.0 -0.850651 -0.525731 
-0.850651 -0.525731 0.0 
-0.525731 0.0 -0.850651 
0 1 2
255 0 255

mesh 1 3 
0.0 -0.850651 0.525731 
0.525731 0.0 0.850651 
-0.525731 0.0 0.850651 
0 1 2
255 0 255

mesh 1 3 
-0.850651 -0.525731 0.0 
0.0 -0.850651 0.525731 
-0.525731 0.0 0.850651 
0 1 2
255 0 255

mesh 1 3 
-0.850651 0.525731 0.0 
-0.850651 -0.525731 0.0 
-0.525731 0.0 0.850651 
0 1 2
255 0 255

mesh 1 3 
0.0 0.850651 0.525731 
-0.850651 0.525731 0.0 
-0.525731 0.0 0.850651 
0 1 2
255 0 255

mesh 1 3 
0.525731 0.0 0.850651 
0.0 0.850651 0.525731 
-0.525731 0.0 0.850651 
0 1 2
255 0 255

mesh 1 3 
0.0 0.850651 0.525731 
0.525731 0.0 0.850651 
0.850651 0.525731 0.0 
0 1 2
255 0 255

mesh 1 3 
0.0 0.850651 -0.525731 
0.0 0.850651 0.525731 
0.850651 0.525731 0.0 
0 1 2
255 0 255

mesh 1 3 
0.525731 0.0 -0.850651 
0.0 0.850651 -0.525731 
0.850651 0.525731 0.0 
0 1 2
255 0 255

mesh 1 3 
0.850651 -0.525731 0.0 
0.525731 0.0 -0.850651 
0.850651 0.525731 0.0 
0 1 2
255 0 255

mesh 1 3 
0.525731 0.0 0.850651 
0.850651 -0.525731 0.0 
0.850651 0.525731 0.0 
0 1 2
255 0 255

mesh 1 3 
0.0 0.850651 0.525731 
0.0 0.850651 -0.525731 
-0.850651 0.525731 0.0 
0 1 2
255 0 255

mesh 1 3 
0.0 -0.850651 -0.525731 
0.0 -0.850651 0.525731 
-0.850651 -0.525731 0.0 
0 1 2
255 0 255

mesh 1 3 
0.850651 -0.525731 0.0 
0.525731 0.0 0.850651 
0.0 -0.850651 0.525731 
0 1 2
255 0 255

mesh 1 3 
0.0 -0.850651 -0.525731 
0.850651 -0.525731 0.0 
0.0 -0.850651 0.525731 
0 1 2
255 0 255

mesh 1 3 
0.525731 0.0 -0.850651 
0.850651 -0.525731 0.0 
0.0 -0.850651 -0.525731 
0 1 2
255 0 255

generate